0.7103541036325534
0.10125567197470864
0.10125442175858579
0.10130881116473178
0.1011981331190106
0.10102868518057972
0.10096957395893602
0.1009246168286857
0.10085558399179462
0.1011419395480666
0.10093460750142258
0.10096743137068254
0.10077017902218421
0.10074761047344793
0.10073153975924187
0.10081058236326101
0.10068290389439216
0.10060833624130616
0.1007117843304064
0.10045509799062335
0.1003482632911854
0.1003747955026153
0.10026193638673275
0.1001772354707331
0.10024332060689467
0.10014894750080483
0.10005610163528256
0.10001531777961192
0.0999762794277097
0.09993673047636853
0.10003105936971624
0.09986172105630109
0.09994107192687984
0.0997387066918276
0.09967448230960807
0.09961984346043629
0.09982023078334845
0.09957370809272525
0.0995532354209212
0.09977380170413364
0.09969683080810121
0.09991288715903646
0.09987816488705792
0.09972139563345239
0.0996581127998648
0.09967770722825087
0.0995132214395591
0.09947955525662211
0.09957488190797559
0.09935295846569758
0.09943857941708822
0.09931781089726521
0.09940069474949054
0.0991504202141753
0.09916853115841406
0.09898743453866743
0.09903722925904268
0.09887797470266335
0.09869389116195637
0.09860787577193308
0.09862104168113972
0.09837041199913399
0.09836467142529304
0.09824109645207657
0.09831485378536198
0.09813290894132654
0.09822263098433259
0.0980329472792314
0.09807508161934941
0.0978479514826569
0.09771865940295665
0.0976301908588153
0.09753459881188609
0.0976899440081942
0.09763220884173363
0.09768294095314722
0.09749982383348854
0.0971619715320422
0.09723161329545293
0.0970564913265406
0.09738094154719423
0.09711337433203182
0.09717000189998437
0.09709955203684961
0.09706957614204059
0.09678949997909703
0.09678095093217332
0.0968646284033381
0.09652246321981828
0.09667057756125219
0.09638558968018485
0.09638756522783098
0.0961076355492736
0.09636547418092145
0.09605515735117831
0.09598458798840293
0.09591702799815893
0.09611438122502691
0.09597125686633112
0.09592062690717151
0.09602795568230671
0.09589719580358258
0.09572247278147583
0.09587047399500959
0.0957277455387886
0.09590192354714899
0.0958370549726899
0.09560628625320788
0.09554224872649653
0.09551601217160144
0.09563800369455144
0.09548898126978012
0.09540665612218602
0.09536128812816314
0.09542647532683324
0.09519084489541108
0.09491119318543007
0.0950737684887637
0.09479182876245318
0.09481822410119944
0.09453456388102444
0.09475495921472721
0.09448683709696692
0.09469271766610454
0.09446790563492313
0.09453555290768656
0.09436548600436323
0.09439568399216647
0.09415981724435007
0.09429000790619124
0.09413913184553735
0.0939772466258395
0.09390012176362372
0.09393409071143566
0.09388251272639092
0.09378580355384303
0.09362842490778833
0.09373660747510781
0.09357711824809911
0.09378292799396926
0.09367202124793139
0.09347672280580932
0.09355262887284299
0.09333079869089778
0.09335172487675791
0.09325419806445367
0.09323704125733423
0.09316954661311772
0.09322989822181027
0.09301311288872105
0.09299332265296512
0.09292997296769934
0.09297173302450124
0.09288664704191607
0.09290752793234258
0.09270692242872647
0.09268210456398318
0.09279031155881112
0.09248040708853722
0.0926413973770841
0.09235911812834052
0.09252503990605376
0.09228175798113458
0.09236353946472553
0.09208173508192541
0.09218418800180839
0.09189754607450618
0.09197302715125355
0.09172020303383377
0.09199747068721598
0.09181935111402528
0.09182414820618923
0.09159283126699336
0.09165261126407787
0.091564216996455
0.09147924893852366
0.09133577942987081
0.09150017782830466
0.09126064575032311
0.09135107404333476
0.0910113312689389
0.09114561216348971
0.09107719192253083
0.0911433209951864
0.09095005347904817
0.09077940328084844
0.09063215363842447
0.09061166529197973
0.0906217852110478
0.09049232706086885
0.09047396797767138
0.09046787229402309
0.090272841094305
0.09035756260925631
0.09018504199881638
0.09026073976363458
0.09014015121679808
0.09016174011165723
0.08990754609139762
0.08980493005561874
0.08994104796288438
0.08972133857230791
0.08965692988119844
0.08971712896488726
0.0894140939732615
0.08948736269996016
0.08923382840231264
0.08927740698816367
0.08907029071967898
0.08911740319256434
0.08881487147100531
0.08884779522948927
0.08850694541433812
0.08851941211229031
0.08847505665973476
0.08850098367080528
0.08813983189260854
0.08807297088223365
0.08807796507867116
0.08802391062983661
0.08778245322070655
0.08771555981670054
0.08776967308007189
0.08749840912772422
0.08742433486880086
0.0874942464922317
0.08736240050101052
0.08741360527025321
0.08731073189340499
0.08727790529862056
0.08715354344668169
0.08709103418825581
0.08718030654027054
0.0869692479033719
0.08693112683289228
0.0869736420017857
0.08690973979081251
0.08709718657266485
0.08691214505672251
0.08682815064552063
0.08664968418674346
0.08665176606001923
0.08651942435152726
0.08643202189914456
0.08643088257057974
0.08657974130745716
0.08637241500407278
0.08656744644710335
0.08643526308751626
0.08634906484899751
0.08635353993003725
0.08607655805378522
0.08592169463547794
0.08592420756582286
0.08585709517326912
0.08587920953676065
0.08575494440777853
0.08583882436973633
0.0855709775097162
0.08566137509102334
0.0854227054517378
0.08527044287222063
0.08543342178034363
0.08512871907451203
0.08527353976924212
0.08496977556738838
0.08528716849232953
0.08509400070552031
0.08516030729606294
0.08485252470373261
0.08487367130958945
0.08451754073445494
0.08468295083894839
0.08462079138897804
0.08466851896165162
0.08447335735547079
0.08429327693807753
0.08456160619297748
0.08441777413859541
0.08431059785104011
0.08429774414323843
0.08434770349169662
0.0841427899868128
0.08430922984856881
0.08405368742135355
0.08399428530064235
0.08415274310330023
0.08385330436362715
0.08382453044552096
0.08397611590543819
0.08388044422492436
0.0837117541141883
0.0835613777136901
0.08372218884972882
0.08347175864433609
0.0836538043703281
0.08360472761559379
0.08365664793469563
0.08333648076167277
0.08337876814397549
0.08306612137232605
0.08332933196123582
0.08321356411916758
0.08293486435186326
0.08300083826370441
0.08290168262151121
0.08296389780126057
0.082682136421794
0.0825519794788554
0.08261323585140912
0.08251117268950492
0.08268474979423912
0.08233807837303941
0.08227056228749774
0.08244668371749952
0.0822381408365267
0.08230590860764853
0.08211025941699468
0.08218115689782612
0.08193202755588813
0.08199874725044354
0.0817826576346874
0.08171307520158
0.08175277034497386
0.08164030660514454
0.08168159574618383
0.08137107889559791
0.08161700735196753
0.08148329677060628
0.08151668063477802
0.08140916641244678
0.08113622958877009
0.0810214176759505
0.08127791477080648
0.08115890145396376
0.0810149897808814
0.08102377725359489
0.08081846656928615
0.08117833620623283
0.08103098215676696
0.08090863519480518
0.08094459040552815
0.08073651406684546
0.08079984074811764
0.08059476222761619
0.08062943519333343
0.08046848971753384
0.08047675289522482
0.08036486669674758
0.08045792781183225
0.08019320280571685
0.0801233904373424
0.0800834854732142
0.0801602404365318
0.08003456279998167
0.08013150819088688
0.08000348752669262
0.07998298628400757
0.07976762664952508
0.07978442397957464
0.07964061681930712
0.07988902080515947
0.0795744473418889
0.07967994096629782
0.07941346361529433
0.07940024896444697
0.07939836594680427
0.07960711555985167
0.07930215434807408
0.07936929983939489
0.07926741020792027
0.0790821992940074
0.07928832998413071
0.07903554262011903
0.07917529901729647
0.07896167654546371
0.07903626516167295
0.07882036979293527
0.0785350314162292
0.07865223337357308
0.07856682407360083
0.07883190167643672
0.07874041615217386
0.07879633874337988
0.07851487655394296
0.07878626093119578
0.07853991155332007
0.07865678305440227
0.07833010638615834
0.07828265477640528
0.0783689880250864
0.07816043801906436
0.07828939000190394
0.07822396392864372
0.07792167981647857
0.07795863200510778
0.07774338162888705
0.077667503172973
0.07787395080297
0.07772787000098891
0.07761550170285125
0.07762484152470273
0.07731948486565643
0.07745706215867854
0.0771848565072073
0.07723782052907513
0.0769551424684336
0.07705957634772442
0.07699392955103979
0.07707129003017066
0.07686312941462026
0.07659580545589062
0.07667162171461195
0.07652299223318759
0.07634249958486183
0.07628801053401624
0.07644528609595858
0.07628476521908167
0.07621018828933956
0.07628343439826146
0.07602295508829648
0.07597129528354962
0.07602348954112559
0.07582381523359594
0.07583882461625069
0.07566504345001634
0.07563663524864062
0.07571247790778646
0.07567994495146646
0.07564579859323306
0.0754863659576488
0.07540084143479886
0.07557620632737949
0.075389935412975
0.0756232261162113
0.07538219473188623
0.07549507938350097
0.07522646819707046
0.0751524348976953
0.07519132616781432
0.07505485657507394
0.07496333788714526
0.07479034180081134
0.07492257878338293
0.07468986031795799
0.07453298724225865
0.07463017306671738
0.07435171685753428
0.0743884718804817
0.07415389796921823
0.07413572844404093
0.0741938955384116
0.07386635839319222
0.07405369074300339
0.07368841343815591
0.0739512490215759
0.07376705119366989
0.07383788640814548
0.07351788507245116
0.07346875046919177
0.0733651243194875
0.07340910443369819
0.07314547204458233
0.0732094338505187
0.07298039249730914
0.07303160983225299
0.07286792226245753
0.07291014065282964
0.07268246178045601
0.07257861385745867
0.07273664553341819
0.07245471686657501
0.07268850671148819
0.07257421868905967
0.07255583179170788
0.0724752713281136
0.0724881638181758
0.07245975708231134
0.07229448491382495
0.07207021182714657
0.07221172459494651
0.0718709471651664
0.07197887411805093
0.07188105508379072
0.07196797811728395
0.07186907776532747
0.07174948260507419
0.07176913126092099
0.07156925675278503
0.07160068661263308
0.07142760703977014
0.07131878491639809
0.07141270541897837
0.07118976282829159
0.07128654302199244
0.07100605632160573
0.07089609709372224
0.07098771080735577
0.07070914592408206
0.07082260444073563
0.0706032390304101
0.07032467536133136
0.07041245793420114
0.07018326234156547
0.07029373626150259
0.07021581294142853
0.07010151815605137
0.07019587103260694
0.06997294390702491
0.0698956888408746
0.06992153602113338
0.06964407874471412
0.06985188824922073
0.0695745358789226
0.06966936745458607
0.06959712321571532
0.06959508904695566
0.06956783961018687
0.06947658291806413
0.06959984959861365
0.06934769218617975
0.06923621579178496
0.06916728765666669
0.06937639515833105
0.06918479760848406
0.06930541306402072
0.06913107662408202
0.06908511889933155
0.06915985104138156
0.06915292197793388
0.06910938103482689
0.06907920380931509
0.06921727600976624
0.06904163017590337
0.06894023991146336
0.06898756379108595
0.0687307792627101
0.0688328560215754
0.06865338871908921
0.06868082634991479
0.06858187048701714
0.06864018726356624
0.06849108940245996
0.0681423095049305
0.06827005214443371
0.0680755547499845
0.06804739150717198
0.06813846834781967
0.06782867557043826
0.06772406068287129
0.06791581968599525
0.06767134287057353
0.06778137036065779
0.0676840253518356
0.0676336220899656
0.067602207698926
0.06770912088515946
0.06766172971579332
0.06750213998913157
0.06736226246948096
0.06751847817406076
0.06724306511187916
0.06724633165169891
0.06705202507046848
0.06695936701182115
0.0670707361887466
0.06694725743831498
0.06704805228142163
0.06694933120203883
0.0669758595401646
0.0667096903555442
0.06658469353298035
0.06659622361521267
0.06631835384417584
0.06648489315158645
0.06618781773925342
0.06625543795924993
0.06607631536937353
0.06631120583911154
0.06613011831968318
0.06613055317857253
0.06591257979085752
0.06575401853802987
0.06581024686768155
0.06559902611133395
0.06576752051301948
0.06573653438867533
0.06572963472895976
0.06548826027622212
0.06554961037331286
0.06523597652422186
0.06537937980682718
0.06523330542418249
0.06519115699374356
0.06506537432249271
0.0651404675534597
0.06491986621898205
0.06488103030839687
0.06503443474252202
0.0648482403009476
0.06491791755101683
0.06471133498363124
0.06490337373330801
0.06456550379614612
0.06462495283819392
0.06438069279080239
0.0644434233805189
0.06425277359534487
0.06425804183719941
0.06402636646247961
0.06396360663487277
0.06406222231613601
0.06386050623258432
0.06397723907835262
0.06379519480209117
0.0638554028270133
0.06370134987167164
0.06369156234508822
0.06359253011031729
0.0635908986443976
0.06357536911948491
0.06367430939032248
0.0634880122145578
0.06370456666219515
0.06345139840557512
0.06337658307475191
0.06335883786517993
0.06324970324072643
0.06345056886989431
0.0632426364145644
0.06339447856367242
0.06316010714123843
0.06338146935538935
0.0632585959837888
0.06309434339559372
0.06316661817609437
0.06297552183654931
0.06316858890163779
0.06302443511228106
0.06284318343198825
0.06271417784725197
0.06270377811559813
0.06268957830125288
0.06278677960568513
0.06267729513365117
0.06265375835408626
0.06264430614946592
0.06255978335634715
0.06245204275466398
0.06237255680847076
0.06252944272221828
0.06237209658291665
0.06252243528508661
0.062369282807664295
0.06215989400691524
0.06197320270739759
0.06220856780295625
0.06206236718950997
0.06239941304536911
0.062191236069983
0.06217031657031358
0.06217602850596626
0.061934364051946744
0.06189319786697811
0.06210146414569717
0.0618692328409689
0.061973697964873065
0.06174528340162011
0.06165913549749158
0.06182942553032822
0.0616661742958049
0.06160330279008308
0.06152599240274803
0.061616975302574595
0.06147716716072038
0.061439032957401496
0.06154579729055243
0.06135084096817378
0.06138821373549508
0.061124342622368655
0.061030365456060665
0.06109278727046319
0.06084032473152989
0.06084365202129893
0.06082886447253255
0.06076016997679168
0.0605448269267721
0.060524892472775704
0.060658790182956945
0.06055183917355844
0.06065073139705435
0.06055188874391204
0.060436851840972805
0.06051137439720966
0.06025501356642726
0.0604335507378293
0.06021048014192454
0.060132335662377745
0.0601352664750916
0.060103969547116165
0.059979232360706014
0.059888325751935145
0.05981344936979616
0.06006890526553166
0.060011870817695545
0.059952150055909925
0.0599300548725874
0.060053405174207874
0.05990477040065523
0.059981054691780056
0.05966184640914518
0.059634719783669965
0.0597090013081607
0.05961698153217365
0.05968109902033203
0.059446027153819525
0.0595018266796441
0.059165921410825995
0.059248958059496815
0.05888166119857541
0.058777684189095014
0.05904462827522239
0.0588224200464349
0.05883510428901095
0.05873339326266547
0.05850301393429036
0.05848965964855202
0.05850981502019059
0.0584785702933599
0.05833660221623971
0.05818475564060899
0.058270374471579345
0.05806631740412227
0.057877572648655784
0.057819458537888835
0.05795829194229052
0.057621276531356624
0.057783804180674636
0.057649951806006516
0.05765460184471527
0.05729115740186552
0.057476440221061686
0.05732975520604078
0.05723443102282322
0.05745078829753436
0.05739313727599504
0.057190717423661885
0.05706320183418834
0.05718632491453279
0.056995376800127895
0.05705650246417182
0.056863917447923296
0.05689887408507932
0.05663122578222257
0.05654210486016509
0.056471947790504684
0.056455783650375846
0.05657317979042409
0.056318079054771264
0.05663718552522967
0.056440202698378794
0.05639509930511655
0.056269283204045006
0.056580138815327086
0.05637310044987709
0.05652209509951711
0.05618337517601235
0.0562663078185206
0.056083572462910514
0.05591786977221891
0.05599652916977016
0.055785094652594625
0.055751095394007244
0.055629321668341
0.055757592312693394
0.05554425862520729
0.055587314650637154
0.055329567467113705
0.05542728766613614
0.055223905314304655
0.05527841941375078
0.05502143070625132
0.054895513916260574
0.05491593521434446
0.05477649574521837
0.0546095166950491
0.054477533471743333
0.05453156632096268
0.054246395502120404
0.054222656069865316
0.05426196456746135
0.05422133169994048
0.054180291192247765
0.05409393527382522
0.05416593286141058
0.05400827786143614
0.05390452795978695
0.05397650059048065
0.05376932606046414
0.05364143287188372
0.05369857248839338
0.053437781213797386
0.05335581722128224
0.05352570287541347
0.053488280893221773
0.053445220945805616
0.053377994481769164
0.05310462392892701
0.053249491974159735
0.0529457825250379
0.05330960286685693
0.05321983186228896
0.05329964049765268
0.053144364927217635
0.05310615673440355
0.05299510531056173
0.05315138024210686
0.053013890586794954
0.05295762126708281
0.05288620164336555
0.05288499012943637
0.05284679749619725
0.053021626559709434
0.05291844211189445
0.05301608000714042
0.05276772689331288
0.052869169438168884
0.05266086458767427
0.052819573019192045
0.052662013912241346
0.052483763041890175
0.052499400805401386
0.0522379231393848
0.052432355284947496
0.05240536990846589
0.052183435857584115
0.05219667546109541
0.05185664411401758
0.0521361282887729
0.05187810206635435
0.05200986880358749
0.051722097908698306
0.05175901847829789
0.051458975143286345
0.051595027212435696
0.05143443055541508
0.051395941694460934
0.051479595158555824
0.0513043519865084
0.051352169172603324
0.05112644214331796
0.05110767391831361
0.05120854978568268
0.05108375792127795
0.05121499353101089
0.050880648406788964
0.0508531394574554
0.050829633845523636
0.0509488230926356
0.05083781917338648
0.05091278368492813
0.05069507147014796
0.05062586976328909
0.050486747491870654
0.05073897937152183
0.0505553922740245
0.050507125303514755
0.050435923468644894
0.05066645633229783
0.05032816227949688
0.05045637638593137
0.05036949901987553
0.05019647063036148
0.04999146999259674
0.050117445028655894
0.049959788251488835
0.04992025964895186
0.04976716646858792
0.04985718919529791
0.04975895939558628
0.049718393002461614
0.04968845827250412
0.04957500326770292
0.049572326374230924
0.04973285229876945
0.04949506194927933
0.04941639990062674
0.04950164128605872
0.049250278323060614
0.04931268857915061
0.04918632675531853
0.049125480843421165
0.049146119458772564
0.04896484267579959
0.049009901273668444
0.048755624911949624
0.04895940395042686
0.04869790598527901
0.04888092640713282
0.04873513883959424
0.048613431104483684
0.04870919639196325
0.0485858257855698
0.04860645914953965
0.04843437647034632
0.04847735615400417
0.048244118116293144
0.048325360334942946
0.048208695685010516
0.04797978373957079
0.04785546589410705
0.04806899845063661
0.04795884537669637
0.047931272035669714
0.04783223813137427
0.0476652096759318
0.047836267605777305
0.04764701499520596
0.04769090419740696
0.047449600636729095
0.047770521365629204
0.04754169305540623
0.04768139576369235
0.047416020938838344
0.04738392294434357
0.047337797446662444
0.047245329941835834
0.047481083982080285
0.0472466256311459
0.04734276944396276
0.04708443020852027
0.04724250460250978
0.04699957076657357
0.046854329955848595
0.04693047334675837
0.04672447026353721
0.04678129452748836
0.04646412377418563
0.04657744483045123
0.04635354325015473
0.046319265821709976
0.04650175447879423
0.046415741473895045
0.046105230516059414
0.04611486452229441
0.045898817102509204
0.0460338249296659
0.04584117165267987
0.0456950076543734
0.045825303822314645
0.045719661573321524
0.04587097496323622
0.04573141515828705
0.04558289544716221
0.04565955859131021
0.04550730846269846
0.045329890815232865
0.045372423051591504
0.04513185384077678
0.045034539738748824
0.045176812490806295
0.04508562898937374
0.0451600915432131
0.04500041853690018
0.044923163966918755
0.04496791264881694
0.04479303158248893
0.04453477208545675
0.04462454501409541
0.04441715360765208
0.04455513691182755
0.044462764210269734
0.044495475437225984
0.044250474347671265
0.044266626817821564
0.043997416292024694
0.04379065765753554
0.043975914670566274
0.04381067634404001
0.043932506191255216
0.043648526339371774
0.04379728920963233
0.043671013237372325
0.04363990846367338
0.04368115243571369
0.043448183508908
0.043675063734988084
0.04341955698669597
0.04346197433935117
0.04317798332716283
0.043108882539018456
0.04322486216891508
0.04310348451911317
0.04308785770143686
0.04307841172759019
0.04302892672135261
0.043065838673233436
0.042761843606820005
0.04292751274977391
0.0425848961337727
