0.10143153592263321
0.10141260447422429
0.10154295307330052
0.10130881116473178
0.10121954655763399
0.10117799144755324
0.10124513032466043
0.10108228838484212
0.10123914755460506
0.1011419395480666
0.10105371095885252
0.10096743137068254
0.1010855202681542
0.10099631209346871
0.10106708907164941
0.10081058236326101
0.10078800092029772
0.10083018569982505
0.1007117843304064
0.10058164863538988
0.10058511743862875
0.1003747955026153
0.10032871665225995
0.10038746273070354
0.10024332060689467
0.10014271999652236
0.10015875316787382
0.10017564826832492
0.10006440353038171
0.10018577040299537
0.10003105936971624
0.10012592306314172
0.09994107192687984
0.09998215074387584
0.09993227272187144
0.09987475876925833
0.09982023078334845
0.09989682134488209
0.09989605903170751
0.09977380170413364
0.09997484991762828
0.09991288715903646
0.09993300437224595
0.09990405797496438
0.09981569306483262
0.09967770722825087
0.09981102507085815
0.09975596696511291
0.09957488190797559
0.09963436942243709
0.09943857941708822
0.09963242840235509
0.09940069474949054
0.09936598998071178
0.09916853115841406
0.09922479173376408
0.09903722925904268
0.09899790955414911
0.09890210541273659
0.09888427786772347
0.09862104168113972
0.0987029957485075
0.09860965277238387
0.09862211309124413
0.09831485378536198
0.09829775111855299
0.09822263098433259
0.09828279262007311
0.09807508161934941
0.0979677773301777
0.09797543826811705
0.09785282818389529
0.09791922330251879
0.0976899440081942
0.0978726019977012
0.09768294095314722
0.09753199674588098
0.09742846033706165
0.09723161329545293
0.09742630582987744
0.09738094154719423
0.0973564657896353
0.09717000189998437
0.09716407972512475
0.09709541933544674
0.09705031396417829
0.09709364071080628
0.0968646284033381
0.09690211019286665
0.09667057756125219
0.0965995435351874
0.09638756522783098
0.0964353284366557
0.09636547418092145
0.09627659764365548
0.09625491557644894
0.0962363286214396
0.09611438122502691
0.09606450986175186
0.09612928906673956
0.09602795568230671
0.09602775810467268
0.09587928413794233
0.09587047399500959
0.09604447172744579
0.09590192354714899
0.09580248570381356
0.09578636282172504
0.09576375967835937
0.09579422734240728
0.09563800369455144
0.09563202057283027
0.0955747718901181
0.09565187844674483
0.09542647532683324
0.09528315028721535
0.09526459182811164
0.0950737684887637
0.09495082083921202
0.09481822410119944
0.09490795517198958
0.09475495921472721
0.09487204540221406
0.09469271766610454
0.09461563016420715
0.09453555290768656
0.09454867180195992
0.09439568399216647
0.0944902045635243
0.09429000790619124
0.09411626275071816
0.09414150181811731
0.09416802875230035
0.09393409071143566
0.09398720085767653
0.09392718902665553
0.09385419391184646
0.09373660747510781
0.0938488512444815
0.09378292799396926
0.09378910566667953
0.09370696293639114
0.09355262887284299
0.09360215494735424
0.09335172487675791
0.09342190790611449
0.09335345505379733
0.09339460544995126
0.09322989822181027
0.09324653036216546
0.09325637515619833
0.0931527279301334
0.09297173302450124
0.09299179971982552
0.09290752793234258
0.09295255795930601
0.09292986137536952
0.09279031155881112
0.09274647983599582
0.0926413973770841
0.09272378370678025
0.09252503990605376
0.09251748684186056
0.09236353946472553
0.09226501360269879
0.09218418800180839
0.0921763098136612
0.09197302715125355
0.09207465147562743
0.09199747068721598
0.09205184894425811
0.09182414820618923
0.09192257851904762
0.09165261126407787
0.09179145355902962
0.09163361597075448
0.0916858883027254
0.09150017782830466
0.09164824781079162
0.09135107404333476
0.09135634794331082
0.09114561216348971
0.091366565110933
0.0911433209951864
0.0910455022636365
0.09098579846917954
0.09093585021717399
0.09096133876584589
0.0906217852110478
0.09060021814013774
0.09063967642542359
0.09056724038326025
0.09062143787696719
0.09035756260925631
0.09036208229789788
0.09026073976363458
0.09027613799512313
0.09016174011165723
0.08998005916806928
0.09008720519949587
0.08994104796288438
0.08978284242214696
0.08993534935422653
0.08971712896488726
0.08964009465750955
0.08948736269996016
0.0894691029625525
0.08927740698816367
0.08923549640404049
0.08911740319256434
0.08902325633830532
0.08884779522948927
0.08880511061858032
0.08851941211229031
0.08870733077885906
0.08850098367080528
0.08822260408206617
0.08837801358331276
0.08807796507867116
0.0880265508672391
0.08794294109186684
0.08803274852529253
0.08776967308007189
0.08760763054011766
0.08766122659528452
0.0874942464922317
0.08758040748709917
0.08741360527025321
0.0874506126935235
0.08748637433234419
0.08734008289889039
0.0873536697183237
0.08718030654027054
0.08714681351638509
0.08706554592453242
0.0869736420017857
0.08717574270694373
0.08709718657266485
0.08701636568552851
0.08699201317418104
0.08694311922425202
0.08665176606001923
0.08660808416892185
0.08665738570766202
0.08663035664075203
0.08657974130745716
0.08669034167332956
0.08656744644710335
0.0865309527047069
0.08646660994061328
0.08635353993003725
0.08622815603260703
0.08626270692374272
0.08592420756582286
0.0860651819812519
0.08587920953676065
0.0859414400826295
0.08583882436973633
0.08583060891973315
0.08566137509102334
0.08558626487614696
0.08557877003744307
0.08543342178034363
0.08552241037620179
0.08527353976924212
0.08536550030018253
0.08528716849232953
0.08538560073668178
0.08516030729606294
0.08500102031070744
0.08487367130958945
0.08475168577261583
0.08468295083894839
0.08479379149407551
0.08466851896165162
0.08463578929905147
0.08458306267923876
0.08456160619297748
0.0846268528321672
0.0845429028750706
0.08457854181290125
0.08434770349169662
0.0845275414474096
0.08430922984856881
0.08411359198974733
0.08421033001938616
0.08415274310330023
0.08403595784933726
0.08415227451065688
0.08397611590543819
0.0838550291860991
0.08381892875597052
0.0837632921385203
0.08372218884972882
0.08375344358750425
0.0836538043703281
0.0837843046603064
0.08365664793469563
0.08366038439387102
0.08337876814397549
0.08344997113947072
0.08332933196123582
0.08324065193977614
0.08315151926741393
0.08300083826370441
0.0830692067187091
0.08296389780126057
0.08282539422225588
0.08287826867567682
0.08261323585140912
0.08279992059533714
0.08268474979423912
0.08255857025443802
0.08265346192060052
0.08244668371749952
0.08250119238385323
0.08230590860764853
0.0824975717953309
0.08218115689782612
0.08203137133169958
0.08199874725044354
0.08200041490760812
0.08198276589230669
0.08175277034497386
0.08182341433442675
0.08168159574618383
0.0817435390825989
0.08161700735196753
0.08171887407563427
0.08151668063477802
0.08144923565143136
0.08136883173201714
0.08137414452343261
0.08127791477080648
0.08133876760458003
0.0812246156573666
0.08102377725359489
0.08127483427961657
0.08117833620623283
0.08109648053726959
0.08119241631699547
0.08094459040552815
0.08101108443080851
0.08079984074811764
0.08085173362845621
0.08062943519333343
0.08072873295807659
0.08047675289522482
0.08062193896571301
0.08045792781183225
0.08032365100582428
0.08032324254183143
0.08030898582527168
0.0801602404365318
0.08036207938483031
0.08013150819088688
0.08015106546852513
0.08011108618945961
0.07997484950364142
0.07978442397957464
0.07991739049337587
0.07988902080515947
0.07988779360703213
0.07967994096629782
0.07965862886569508
0.07974861568775515
0.07964319929185781
0.07960711555985167
0.07957990888786926
0.07936929983939489
0.07945546062565634
0.0793079090473765
0.07928832998413071
0.07942412596738668
0.07917529901729647
0.07921946200607222
0.07903626516167295
0.07879102404803273
0.07884802866496443
0.07865223337357308
0.07893583830943607
0.07883190167643672
0.07885651171351027
0.07879633874337988
0.07881171143856092
0.07878626093119578
0.07871391257885385
0.07865678305440227
0.0786121358082581
0.0786216508980282
0.0783689880250864
0.07850797275929433
0.07828939000190394
0.07820811680231587
0.0780247190920833
0.07795863200510778
0.07800317625104025
0.07801994725934058
0.07787395080297
0.07797407386871003
0.0779204905994908
0.07762484152470273
0.0776972232316453
0.07745706215867854
0.07735859155182112
0.07723782052907513
0.07726227330370072
0.07705957634772442
0.07734327361116033
0.07707129003017066
0.0768262367932051
0.0769192932196725
0.07667162171461195
0.07670313945460427
0.07663467289861048
0.07664665440494645
0.07644528609595858
0.0764461551623965
0.07638631267094254
0.07628343439826146
0.07628166998007835
0.07631411823698198
0.07602348954112559
0.07605066181750209
0.07583882461625069
0.07577669262952158
0.07587803178663055
0.07571247790778646
0.07580411485322447
0.07567418380771618
0.07566883361013232
0.07571411931874716
0.07557620632737949
0.07576971634811502
0.0756232261162113
0.07569940744439929
0.07549507938350097
0.07534255599139739
0.07537587210713159
0.07519132616781432
0.07513478267109819
0.0750181176201623
0.07508013309071604
0.07492257878338293
0.07476526453680066
0.07483640677148684
0.07463017306671738
0.07474452241926066
0.0743884718804817
0.07434593527262234
0.07435852703265966
0.0741938955384116
0.07426750589366682
0.07405369074300339
0.07418567581485358
0.0739512490215759
0.0741098134641427
0.07383788640814548
0.07361971642597265
0.07366480314681367
0.07362654918782652
0.07340910443369819
0.07348735705476073
0.0732094338505187
0.07325577509353298
0.07303160983225299
0.07298841167389458
0.07291014065282964
0.07292204422241966
0.07286656265898839
0.07273664553341819
0.072860620859164
0.07268850671148819
0.07267073758799536
0.07259297051492064
0.07264075353143795
0.0724881638181758
0.07248396751852959
0.07238915204802288
0.07234460752048832
0.07221172459494651
0.07223421556498844
0.07197887411805093
0.07224304345137011
0.07196797811728395
0.07196496324690149
0.07189544768329648
0.07176913126092099
0.07176436875896952
0.07160068661263308
0.07146471640426721
0.07156842493733384
0.07141270541897837
0.07142311084945341
0.07128654302199244
0.0710672102612473
0.07114952876889369
0.07098771080735577
0.07103734954969099
0.07082260444073563
0.07066783386119457
0.0706324226904651
0.07041245793420114
0.07044038573919953
0.07029373626150259
0.07026858002466518
0.07029286431104387
0.07019587103260694
0.0701159929503028
0.07007406907107283
0.06992153602113338
0.06998182091824523
0.06985188824922073
0.0699491176634841
0.06966936745458607
0.0697432502334916
0.06966974106524404
0.06965975600828833
0.0696574446849283
0.06959984959861365
0.06949727557166918
0.06947586913328196
0.06953576496800662
0.06937639515833105
0.06940842606244657
0.06930541306402072
0.06928913045013263
0.06938260037955235
0.06915985104138156
0.06934573043506775
0.06915374009188757
0.06931254806481735
0.06921727600976624
0.0691489098092184
0.06914312913545428
0.06898756379108595
0.0690275509605236
0.0688328560215754
0.06886282076706585
0.06868082634991479
0.06887518852336738
0.06864018726356624
0.06847855421552129
0.0684417729369926
0.06827005214443371
0.06819568657326869
0.06823503042332701
0.06813846834781967
0.06799865169803643
0.06803918388421915
0.06791581968599525
0.0678509369295841
0.06778137036065779
0.06783701588817936
0.06777233254698967
0.0678806755124226
0.06770912088515946
0.06765973163696515
0.06757369658865175
0.06760129907270818
0.06751847817406076
0.06744856544594624
0.06724633165169891
0.06725491627665026
0.06718530370916342
0.0670707361887466
0.06709124065916772
0.06704805228142163
0.06708307384102996
0.0669758595401646
0.06681368566949253
0.06681636215300424
0.06659622361521267
0.06659887179801127
0.06648489315158645
0.06656925449166406
0.06625543795924993
0.06640156738297565
0.06631120583911154
0.06626959916894304
0.06613055317857253
0.06597700391387962
0.06593376948027485
0.06581024686768155
0.0658063551722774
0.06576752051301948
0.06586865080650206
0.06583324310594318
0.0657316036882114
0.06554961037331286
0.06561546533592866
0.06537937980682718
0.0654902880802255
0.06539552665314963
0.06531303168224145
0.0651404675534597
0.06518219651566781
0.06513685288467208
0.06503443474252202
0.06503179671240278
0.06491791755101683
0.06495944483100735
0.06490337373330801
0.06481593825434362
0.06462495283819392
0.06457264359680215
0.0644434233805189
0.06463217210406347
0.06425804183719941
0.06414507892820254
0.064189325164133
0.06406222231613601
0.06409636647129502
0.06397723907835262
0.06400659323911606
0.0638554028270133
0.06378717852256477
0.06392853284028899
0.06377161081253324
0.06378574296140016
0.06375893673084865
0.06367430939032248
0.06379373593792015
0.06370456666219515
0.06358114309312901
0.06358979432865342
0.06359517787132596
0.06358342811900353
0.06345056886989431
0.06359206968950071
0.06339447856367242
0.06354597922381577
0.06338146935538935
0.06326267558814846
0.06334763436042046
0.06316661817609437
0.06329152902458168
0.06316858890163779
0.06305655922011644
0.06309112766420033
0.06293873830788321
0.06303375191411797
0.0629701306133228
0.06278677960568513
0.06278391858706667
0.06276534247346155
0.06274495965814442
0.0627841873340671
0.06266766068758223
0.06265084495117224
0.06252944272221828
0.06267338558574309
0.06252243528508661
0.06249618552990932
0.06231371165403177
0.06235995233737035
0.06220856780295625
0.06245447967087259
0.06239941304536911
0.062398264401403836
0.062353741920518235
0.06217602850596626
0.06212002637649938
0.06219237296229174
0.06210146414569717
0.062123855440933795
0.061973697964873065
0.06178134333099372
0.06187873033800484
0.06182942553032822
0.06189035682915267
0.06173164166734857
0.06173756924912999
0.061616975302574595
0.06168446723483578
0.061669377026469574
0.06154579729055243
0.06163147416461667
0.06138821373549508
0.0612407436757989
0.061312325295942216
0.06109278727046319
0.061160035403224455
0.06084365202129893
0.060968575786735535
0.06083597313275746
0.06082443124791248
0.060816836108062766
0.060658790182956945
0.0607049341957806
0.06065073139705435
0.060716155497184454
0.060679896605507544
0.06051137439720966
0.06058452553984006
0.0604335507378293
0.060489576851171734
0.060411681167302334
0.0601352664750916
0.06029710830315649
0.060126374913783476
0.06018146395451529
0.06013268300355845
0.06006890526553166
0.060254734553732536
0.0601638571647114
0.06017238410735515
0.060053405174207874
0.06012757098983368
0.059981054691780056
0.0598655665235146
0.05996022183899807
0.0597090013081607
0.059913875577069176
0.05968109902033203
0.05965728007909821
0.0595018266796441
0.05945128109873088
0.059248958059496815
0.0590540223707583
0.05915875941934212
0.05904462827522239
0.05900958435340575
0.05883510428901095
0.05881380789857804
0.05866386550752534
0.058809362856433456
0.05850981502019059
0.05856879920045066
0.058397736170703984
0.05846066497128666
0.058270374471579345
0.05809654887629612
0.05815226525753259
0.058144211441979676
0.05795829194229052
0.05784849435954853
0.057783804180674636
0.05788055490258204
0.05765460184471527
0.05756607057225516
0.057476440221061686
0.05744656833781403
0.05756604534097298
0.05745078829753436
0.05736562459572303
0.05733468631245531
0.057301242574949285
0.05718632491453279
0.057174103798674825
0.05705650246417182
0.05705423637866569
0.05689887408507932
0.05680539556175823
0.05677837629899196
0.0568092505505462
0.05681383113041094
0.05657317979042409
0.056750169704619324
0.05663718552522967
0.056730160429406595
0.05662792417046214
0.05661716281304274
0.056580138815327086
0.056726361641831424
0.05652209509951711
0.05651014401741827
0.0562663078185206
0.05620198738361615
0.05623678370332774
0.05599652916977016
0.05604010680229665
0.05600030791193511
0.05601024333032889
0.055757592312693394
0.0557158647034901
0.055587314650637154
0.05550142404615377
0.05542728766613614
0.0554462628948158
0.05527841941375078
0.05505100571997157
0.0552223770924285
0.05491593521434446
0.054706191993345143
0.05480450607533682
0.054699984383952405
0.05453156632096268
0.05449533020655273
0.05445019904037518
0.05426196456746135
0.054441256174772246
0.054283709333245334
0.054357290180191864
0.05416593286141058
0.054047978408861
0.054081518047925714
0.05397650059048065
0.05392966526695053
0.053908124939584745
0.05369857248839338
0.05357590104758492
0.053643365909939345
0.05352570287541347
0.05358490725219012
0.053606062032970136
0.05341781088045705
0.05346061983839867
0.053249491974159735
0.05342614128285361
0.05330960286685693
0.05343310984936522
0.05329964049765268
0.05335487987872023
0.05324979254008411
0.05329643958461405
0.05315138024210686
0.053104329548343765
0.053077331557386476
0.053168955834899556
0.05307998327487384
0.05310232189973618
0.053021626559709434
0.05305504662991245
0.05301608000714042
0.05306005493625454
0.052869169438168884
0.05292284940768788
0.052819573019192045
0.052863599204018286
0.05269839325419312
0.052499400805401386
0.052588095806151536
0.052432355284947496
0.05239714792288419
0.05229743936503284
0.05219667546109541
0.05226225798503448
0.0521361282887729
0.05216493516428611
0.05200986880358749
0.05213893749558762
0.05175901847829789
0.051692769104074276
0.051595027212435696
0.051746786643657394
0.05169954447674563
0.051479595158555824
0.05146718068092637
0.051352169172603324
0.05139920380597718
0.051428545694911953
0.05120854978568268
0.05143299538516999
0.05121499353101089
0.05107373314349695
0.051100356917755274
0.0511772940206785
0.0509488230926356
0.0510109743833822
0.05091278368492813
0.050863098335410584
0.05070542231552899
0.05083639454338096
0.05073897937152183
0.05081084351150933
0.050774704363055756
0.0507052628514435
0.05066645633229783
0.050726833701887575
0.05045637638593137
0.05044430743657502
0.050332536005521344
0.05037685858013985
0.050117445028655894
0.05019101948086524
0.05001409309962179
0.05013747801840607
0.04985718919529791
0.04995684584325266
0.04988872754723328
0.04989572824867561
0.049910890376342554
0.049891218839767326
0.04973285229876945
0.04974410629835613
0.04964891481907374
0.04950164128605872
0.0495708323839108
0.04931268857915061
0.049382062914475444
0.04934835054134035
0.049146119458772564
0.049265165447758275
0.049009901273668444
0.04907540445774572
0.04895940395042686
0.04901439569426236
0.04888092640713282
0.0488517579183787
0.048786721588006676
0.04870919639196325
0.04889414120905089
0.04860645914953965
0.048600940177931484
0.04847735615400417
0.04847659311421815
0.048325360334942946
0.04821971090944199
0.048121428080744266
0.04821922858856009
0.04806899845063661
0.04804258311845255
0.04803997986114439
0.04799018359747054
0.04791244583093346
0.047836267605777305
0.04784245415429167
0.04769090419740696
0.04782381401465896
0.047770521365629204
0.04780550228601044
0.04768139576369235
0.04753326777529021
0.04758165289736471
0.04751116652721077
0.04756749151278683
0.047481083982080285
0.047404523837292434
0.04734276944396276
0.04741146565163934
0.04724250460250978
0.04703305453993556
0.047113497926581926
0.04693047334675837
0.046814251825673114
0.04678129452748836
0.046635812041412095
0.04657744483045123
0.04657891848777318
0.046667599087670375
0.04650175447879423
0.04640088532837772
0.04628010188376286
0.04611486452229441
0.04627943133177337
0.0460338249296659
0.04597478518428222
0.04592169283602665
0.045825303822314645
0.04607587944929037
0.04587097496323622
0.0458092072095968
0.04584273393679017
0.04565955859131021
0.045505451247749074
0.04551748232859598
0.045372423051591504
0.04523117280319333
0.04523438138713631
0.045176812490806295
0.045233678863263016
0.0451600915432131
0.04509025801105837
0.04515571738286006
0.04496791264881694
0.044802028108037906
0.04489063238136737
0.04462454501409541
0.044741907240208434
0.04455513691182755
0.04463970549472496
0.044495475437225984
0.04451198128393763
0.044266626817821564
0.04416292611761907
0.04409376933331988
0.043975914670566274
0.04412728400923127
0.043932506191255216
0.0439840703487826
0.04379728920963233
0.043877688509388335
0.04384190738315907
0.04368115243571369
0.04383262262082677
0.043675063734988084
0.0436033777947713
0.04346197433935117
0.04347219563437554
0.043458858377256604
0.04322486216891508
0.043288185274631186
0.043237045007889385
0.04327134630284313
0.04323259206786467
0.043065838673233436
0.04306670452184136
0.04292751274977391
0.04274360761052387
